31
1000
18
88
94
70
44
99
63
56
104
95
106
55
47
42
18
57
85
71
100
92
31
20
20
24
33
11
50
17
84
1
85
100
99
52
89
36
71
67
21
34
40
3
40
91
48
6
105
18
1
37
70
22
98
90
89
27
72
61
90
75
40
29
66
85
98
64
71
19
91
104
69
87
31
12
33
74
54
99
89
88
40
84
6
83
30
98
70
42
104
60
51
103
71
4
25
35
18
89
68
5
55
99
60
33
57
107
12
91
22
21
104
31
106
67
41
16
42
68
27
48
108
5
71
61
57
31
18
70
85
89
64
28
87
81
42
72
9
95
9
21
99
101
101
27
10
39
59
92
14
38
105
108
97
25
0
104
82
86
64
20
5
78
19
25
62
87
50
37
50
94
82
81
33
11
66
62
47
63
44
58
54
89
8
48
98
23
51
100
34
3
91
93
21
23
71
66
24
29
25
94
30
1
51
41
61
83
76
12
88
81
43
23
11
59
92
85
64
108
98
97
108
5
51
66
27
78
73
69
34
23
106
16
4
37
49
105
59
86
26
88
23
26
8
53
99
53
97
108
58
78
32
65
38
7
88
12
95
11
8
97
4
54
65
47
48
85
100
45
62
82
51
39
12
66
98
45
19
40
27
14
17
42
46
12
61
77
36
67
64
8
86
101
88
52
3
83
69
27
98
86
31
3
2
101
59
1
86
87
46
85
34
96
99
65
60
93
68
44
41
17
101
100
0
53
46
52
29
9
24
62
10
87
70
41
30
32
67
39
16
45
60
15
71
67
55
44
77
84
25
40
22
15
48
34
78
55
73
90
45
8
53
15
62
32
62
44
2
64
96
66
39
107
101
61
6
36
61
13
30
82
109
97
11
30
98
31
27
34
16
108
44
63
79
13
22
55
82
11
44
75
43
3
9
19
57
56
84
46
65
68
22
9
82
16
64
106
83
18
23
68
25
3
41
1
67
77
68
70
101
103
20
70
54
35
20
63
87
49
67
92
77
74
70
12
62
39
75
72
73
107
70
84
89
104
78
65
82
67
35
3
90
74
0
107
85
26
75
29
36
86
60
82
35
24
33
2
37
99
65
4
12
81
1
14
108
90
106
99
60
53
26
14
33
93
46
41
75
69
73
46
48
89
2
35
87
48
13
70
33
11
98
88
16
46
13
101
29
109
12
67
81
73
28
47
76
50
60
16
4
51
42
19
87
108
36
43
44
101
76
50
106
30
85
39
60
13
4
97
10
58
72
8
99
55
41
20
96
65
10
65
20
71
39
1
1
74
62
21
92
38
6
20
55
9
97
66
35
33
107
34
102
49
40
76
30
54
7
106
100
29
58
101
27
74
41
64
50
67
66
43
69
88
20
89
38
50
96
90
16
29
87
32
98
102
36
100
19
65
93
19
96
38
7
71
14
86
45
36
96
46
81
108
7
58
37
86
99
76
6
16
79
21
85
81
2
12
57
100
52
84
51
74
55
94
82
50
54
44
13
99
83
73
6
20
87
92
26
40
83
49
95
19
67
49
103
12
78
16
45
75
36
2
34
15
33
23
61
90
19
74
87
27
51
45
62
18
109
78
70
22
57
29
71
73
59
32
35
10
4
29
97
67
39
35
34
84
75
9
105
80
69
14
78
80
89
0
52
100
103
75
1
71
62
34
109
90
103
63
34
93
88
2
10
67
16
105
47
79
59
104
14
9
44
40
32
31
49
61
70
7
103
80
20
24
11
102
30
97
60
2
56
58
54
95
83
30
106
5
1
101
40
48
19
52
8
2
44
29
12
56
62
69
86
26
81
2
95
60
105
82
19
11
32
25
79
26
34
94
18
2
3
67
96
79
0
101
7
26
3
55
88
78
31
63
108
44
6
89
84
16
3
93
13
60
45
12
70
40
60
38
23
9
100
60
101
34
32
81
79
94
78
20
20
59
82
60
96
97
86
18
31
106
75
23
1
3
91
95
46
44
91
92
98
63
4
33
67
31
99
96
9
3
15
107
69
80
24
91
37
15
86
70
92
66
18
94
8
67
68
42
65
34
49
60
60
57
24
30
74
32
88
93
56
86
13
34
8
55
14
40
2
20
17
9
45
3
61
14
66
40
38
66
12
33
37
52
17
7
38
41
59
93
3
90
80
85
100
3
66
17
21
48
104
83
95
33
58
100
92
7
94
9
70
96
56
73
105
91
85
58
8
36
68
76
9
2
13
35
7
98
73
54
102
84
105
66
39
100
94
24
29
80
67
23
21
68
11
33
64
48
