31
1000
13
66
45
8
37
25
81
96
23
3
24
75
19
20
90
61
88
88
73
105
86
75
38
95
40
75
60
11
30
52
14
43
84
62
67
91
41
44
68
23
68
33
19
23
54
39
65
51
53
48
55
24
61
108
97
76
25
84
72
22
104
63
57
90
103
96
25
89
92
47
37
56
64
66
20
80
43
73
11
10
100
108
99
67
11
108
84
87
98
21
39
4
101
50
42
77
10
16
75
96
44
35
13
8
12
109
10
69
68
2
89
67
59
31
20
93
69
88
23
30
14
34
102
25
56
65
56
45
102
67
57
28
53
81
38
28
98
72
55
91
20
8
68
25
22
76
0
3
102
97
73
19
80
19
58
48
104
102
62
68
27
85
68
19
56
109
16
4
103
44
14
66
60
42
104
27
12
97
48
66
71
73
24
51
12
70
87
41
51
77
66
64
59
78
80
56
74
6
39
97
13
81
1
76
98
56
48
16
6
108
91
98
87
74
54
11
35
92
74
50
55
86
85
85
60
89
100
38
108
44
27
80
67
69
92
86
38
27
97
7
101
62
9
23
85
75
91
38
0
58
80
41
83
32
34
103
51
92
9
39
72
39
89
82
61
38
54
74
31
7
87
83
23
9
11
53
58
76
75
53
38
79
23
81
29
21
108
12
40
103
36
78
8
10
52
87
93
21
98
83
72
93
46
85
46
43
1
89
64
93
47
105
91
34
21
45
17
89
61
45
106
97
44
104
35
45
70
36
48
12
9
9
12
26
41
90
47
30
108
98
104
77
27
57
97
15
27
65
85
95
86
17
32
34
30
27
19
37
75
8
67
1
13
78
109
67
13
61
21
78
35
59
100
71
92
104
23
57
71
66
13
30
72
89
88
49
16
105
64
59
96
98
23
95
87
7
80
84
104
30
13
58
57
21
26
102
57
30
105
34
107
42
65
29
86
47
36
83
42
19
81
81
30
50
102
22
4
20
26
37
99
98
76
54
4
44
105
50
106
91
87
103
52
86
10
53
16
93
106
69
70
58
27
0
51
9
73
81
38
87
18
97
45
69
5
17
5
103
16
32
1
101
47
74
91
95
97
46
39
14
60
8
49
28
74
15
9
32
12
30
34
92
38
34
7
30
40
2
41
59
107
56
23
104
102
92
82
69
57
44
49
29
70
34
24
69
79
102
3
98
89
38
93
88
23
106
28
53
10
10
85
17
28
37
13
33
11
56
15
86
67
101
28
91
50
49
51
46
90
31
33
79
88
17
57
62
34
60
33
23
107
76
62
94
109
73
20
7
30
60
31
102
109
42
108
2
44
35
89
43
94
73
68
108
90
14
101
108
39
105
32
47
54
30
78
74
64
37
45
78
51
1
46
2
20
68
85
24
90
50
54
0
72
66
57
43
82
68
26
20
40
105
25
24
20
23
48
7
82
34
21
86
100
70
28
49
92
77
8
61
72
27
51
84
60
72
72
12
56
39
78
50
71
31
94
109
82
109
22
63
41
33
93
12
10
95
65
67
94
78
37
84
67
85
95
54
3
82
98
102
22
38
108
86
39
14
18
95
28
61
79
68
40
90
14
18
74
40
33
29
75
108
97
103
79
49
6
66
36
45
12
106
70
56
10
19
94
74
67
85
8
94
106
91
86
86
107
9
81
42
28
39
34
60
109
18
34
45
85
32
33
49
56
18
58
68
79
8
46
1
82
21
83
49
91
89
18
99
73
41
14
63
8
86
63
71
64
69
35
11
60
24
47
78
93
25
91
45
6
36
39
53
37
1
6
74
71
5
7
12
70
97
9
72
22
30
80
54
1
17
6
56
91
3
91
14
5
32
90
33
25
23
104
58
70
43
72
14
45
1
93
9
107
27
48
0
27
25
38
6
50
38
49
40
17
21
70
6
56
103
71
90
108
30
49
65
81
38
58
25
105
48
103
27
67
72
104
31
95
58
23
100
0
78
46
85
7
91
71
32
102
94
3
30
43
0
2
65
100
107
57
97
97
97
2
50
72
73
103
100
88
57
28
15
29
70
12
0
41
34
98
6
20
93
30
19
33
19
10
46
93
0
80
32
83
24
57
56
3
17
57
35
95
81
22
100
37
47
16
54
108
28
35
2
24
57
11
100
15
12
0
93
23
104
50
74
0
56
17
30
18
54
57
99
99
86
68
21
76
3
106
13
71
19
47
94
91
57
7
62
21
104
28
47
42
21
69
98
40
26
7
80
42
91
14
18
62
85
98
17
64
8
36
28
90
38
60
35
90
48
