31
1000
14
4
8
9
9
37
72
106
81
86
7
7
104
78
64
49
92
36
8
107
91
82
91
91
16
75
72
47
91
96
33
80
27
88
105
8
29
54
107
83
48
77
84
6
84
52
35
74
38
104
50
98
33
108
81
25
69
66
102
13
75
95
15
103
66
22
30
104
104
77
74
29
54
42
96
103
10
63
44
67
42
101
8
16
49
81
65
62
39
67
65
62
102
19
17
87
47
0
79
70
23
55
2
40
11
45
66
89
72
24
51
65
16
90
39
48
80
90
59
53
24
73
70
61
47
72
104
41
15
73
49
74
8
12
32
107
68
53
21
62
15
38
1
1
94
45
64
18
88
30
59
6
23
93
38
80
2
25
26
47
43
31
74
80
0
47
7
109
58
21
20
92
14
91
73
66
9
94
20
56
45
9
37
87
20
42
0
101
97
109
68
97
26
73
39
109
26
63
13
36
108
92
95
57
20
1
34
40
22
59
44
7
26
59
47
92
48
97
80
90
71
58
23
40
100
26
30
27
62
74
39
102
72
90
105
79
78
2
44
13
57
73
44
93
69
60
14
36
92
49
14
6
27
58
38
108
13
18
102
18
106
15
26
70
103
103
18
14
8
32
45
84
57
76
26
92
27
101
103
28
53
100
57
87
80
7
88
45
46
56
50
33
50
94
101
66
42
68
9
19
72
36
53
73
46
78
34
63
54
7
13
48
63
33
100
102
3
66
103
102
65
21
85
35
58
14
43
76
4
43
19
105
76
85
33
33
33
106
0
93
45
25
81
93
24
44
69
7
45
33
104
95
44
92
29
33
77
77
90
107
17
105
28
21
80
48
36
19
61
48
74
101
76
2
47
67
4
47
70
24
55
9
25
23
24
94
49
68
11
108
81
4
92
54
10
46
67
61
91
57
102
87
18
36
86
81
70
105
51
69
71
52
98
31
107
46
36
11
78
22
105
51
96
85
59
73
51
3
74
4
95
65
16
60
47
93
21
22
26
16
35
91
77
28
37
101
18
63
104
38
18
8
16
80
52
82
6
12
88
2
68
44
46
27
69
69
42
31
3
81
28
75
98
15
15
61
82
57
74
87
16
109
93
17
16
14
43
81
13
23
16
89
43
91
65
7
83
95
95
27
43
91
48
80
48
4
26
31
90
5
3
53
76
13
8
79
75
88
68
92
48
77
48
91
30
59
50
70
17
109
108
70
4
41
99
55
52
36
44
55
21
16
51
41
66
87
47
103
94
84
11
12
75
45
82
29
64
71
82
30
95
19
41
4
93
7
52
25
71
48
109
43
37
68
90
88
68
61
78
91
37
31
89
81
104
18
81
41
109
97
46
37
18
75
1
99
90
60
50
90
64
37
88
100
66
63
99
4
82
17
36
99
53
36
91
31
103
44
58
99
83
75
48
88
49
95
80
97
48
45
3
41
103
54
73
94
43
59
18
59
42
21
106
0
48
59
65
2
37
72
41
35
5
103
70
87
36
1
30
31
91
5
52
93
52
56
98
7
92
38
90
56
71
95
13
12
101
97
18
104
40
78
64
92
34
90
49
24
73
12
98
1
76
68
48
20
23
81
26
2
31
92
15
44
21
55
97
4
19
41
8
97
39
47
71
39
99
79
83
15
95
11
75
53
87
48
91
8
41
35
84
11
52
15
67
13
104
105
58
9
60
89
102
94
51
7
108
84
50
63
49
96
21
7
92
85
105
14
106
27
95
58
66
48
65
85
41
0
54
44
73
27
77
22
79
0
97
11
4
13
58
44
95
47
52
31
105
39
83
8
65
67
12
34
79
25
67
90
32
54
0
54
39
24
17
41
72
21
37
37
98
15
59
58
61
9
24
6
25
97
55
23
61
97
4
6
45
10
52
22
44
79
17
56
1
2
73
54
0
74
93
13
90
52
1
48
75
27
87
12
45
84
48
101
107
25
51
79
15
25
19
91
67
87
93
104
15
5
8
7
66
42
92
100
15
99
46
102
43
52
60
87
0
80
30
46
19
88
72
21
64
37
58
61
50
105
57
75
104
33
105
101
37
54
104
57
92
23
66
52
67
25
67
71
30
61
14
106
23
69
74
9
50
32
103
31
19
99
12
57
17
97
30
56
21
82
90
15
36
66
93
10
96
34
84
42
86
99
26
58
104
41
88
92
63
100
87
20
90
7
99
9
17
24
26
107
101
40
17
47
78
74
36
45
78
15
72
51
15
58
38
40
61
17
89
98
77
76
64
92
3
92
75
82
80
86
28
71
94
76
