31
1000
54
26
32
59
33
0
33
1
20
22
35
91
42
90
67
4
97
62
40
13
39
41
4
104
22
50
28
46
53
4
86
60
87
89
105
107
17
100
87
89
16
68
65
79
83
74
82
107
50
53
52
39
29
59
33
30
66
43
63
18
105
90
1
30
95
17
101
55
10
42
64
62
0
96
21
97
74
45
8
33
36
42
12
74
68
55
51
101
30
80
14
64
43
90
90
50
72
56
52
95
90
59
56
108
3
51
45
12
65
29
35
95
40
48
21
42
53
78
68
7
92
48
67
98
90
29
46
62
41
103
80
5
58
39
13
99
28
103
98
79
107
81
20
29
77
89
107
28
59
0
4
105
79
75
68
3
58
72
12
2
96
90
30
11
83
27
42
16
100
88
80
57
83
104
84
100
89
77
95
62
6
84
65
96
53
64
20
92
27
71
95
109
38
64
9
46
74
15
98
85
11
45
89
31
44
59
103
38
10
65
9
41
73
98
63
32
31
18
29
92
86
28
72
81
6
78
87
76
4
87
46
94
58
49
69
25
49
91
54
86
90
82
102
13
40
43
33
35
57
106
52
61
98
16
42
80
54
23
49
63
59
45
97
103
54
18
105
28
68
61
48
58
15
27
55
43
13
19
46
17
76
18
71
64
63
27
10
21
54
94
51
39
90
47
17
30
43
29
4
107
62
72
13
101
59
18
67
30
65
42
89
37
10
3
64
15
50
53
53
11
50
92
47
6
13
45
49
24
1
44
33
25
12
27
21
12
10
48
85
53
43
19
8
81
97
38
79
65
47
3
57
78
35
5
26
88
80
94
50
95
33
9
90
29
94
79
95
34
25
39
105
23
96
65
56
34
72
41
76
109
92
75
105
74
20
62
87
12
59
92
40
2
8
18
73
2
58
53
4
85
92
12
41
65
65
1
54
6
88
67
90
31
97
79
109
32
9
60
86
27
3
69
97
51
65
84
14
62
83
99
3
3
16
13
79
51
99
44
46
50
57
78
35
80
60
40
2
109
23
61
8
98
31
31
59
7
107
107
37
104
32
54
32
53
108
103
85
1
86
95
96
107
27
26
90
71
89
57
12
61
88
20
107
3
11
79
11
85
103
8
61
17
47
20
31
76
36
14
106
95
65
60
49
22
42
68
101
76
66
89
39
75
80
17
44
18
46
79
55
59
39
107
83
108
59
108
3
101
83
48
105
44
21
2
92
87
79
92
52
12
54
20
104
97
2
94
101
97
62
16
31
57
94
80
68
12
97
109
3
76
31
9
89
88
27
18
29
95
61
64
8
88
22
73
73
99
107
96
41
73
30
10
34
52
107
76
16
75
49
89
37
46
8
96
3
16
39
32
6
76
44
62
27
60
42
90
31
40
103
96
107
92
84
76
10
90
53
91
84
47
81
7
95
98
63
4
99
70
75
2
8
96
55
79
26
59
32
92
41
102
41
2
109
50
2
66
5
15
95
65
23
48
1
43
50
95
100
92
9
39
48
107
57
95
26
67
69
104
45
106
67
61
103
7
11
10
101
59
43
63
51
15
73
101
60
93
24
49
94
72
74
86
18
49
96
21
27
63
98
86
8
91
82
44
77
7
43
96
50
2
33
78
36
49
28
72
82
21
90
65
0
106
48
48
12
2
6
107
99
48
56
78
16
21
66
46
107
89
60
62
48
46
37
101
43
61
52
6
80
0
93
58
32
17
56
29
45
108
12
84
35
12
38
66
30
88
78
21
1
32
100
93
27
31
74
17
39
16
27
97
87
33
31
28
23
20
87
20
95
67
9
45
15
61
79
28
94
45
84
33
50
98
68
55
107
88
53
10
17
75
29
28
13
19
69
93
74
22
69
49
17
25
105
11
39
96
13
58
84
71
33
97
43
62
98
86
62
106
28
77
93
12
74
99
51
59
32
39
15
8
36
89
25
45
94
24
1
62
73
12
88
61
71
104
31
26
30
10
44
40
30
97
55
82
7
20
6
11
62
32
2
40
44
52
52
41
42
16
83
11
30
74
9
22
70
19
91
66
82
68
17
97
34
74
75
39
106
65
107
39
16
41
34
21
54
62
73
61
103
1
38
100
49
14
90
62
4
89
61
80
7
60
49
14
48
35
98
16
100
29
70
70
108
57
90
21
35
77
84
104
87
89
49
33
107
33
8
18
54
50
101
14
40
16
97
29
54
40
8
107
5
29
70
39
63
48
5
77
78
54
79
34
41
76
48
9
74
76
91
13
12
108
54
43
7
91
53
87
96
40
