31
1000
17
43
10
89
15
53
9
2
86
15
34
67
94
84
65
103
7
55
38
17
97
98
100
80
96
23
38
94
50
78
26
108
64
37
57
82
40
34
81
56
34
33
12
31
77
4
37
79
54
8
96
28
88
50
45
28
34
49
35
43
108
6
75
17
63
50
96
20
38
90
73
83
50
92
109
103
89
23
66
30
28
50
64
96
102
70
66
94
36
21
31
25
64
34
87
106
85
103
22
60
56
102
35
102
46
38
23
80
26
87
97
33
99
25
102
88
29
1
37
105
11
67
1
27
69
100
91
27
37
42
2
46
42
34
66
56
62
8
28
96
0
100
103
95
77
61
24
39
85
63
83
93
91
44
104
89
1
64
101
37
90
63
41
0
66
68
95
46
108
51
49
23
26
96
73
55
75
72
107
63
77
48
75
26
11
72
75
39
101
31
18
54
103
3
86
89
64
16
88
103
109
24
74
89
21
42
1
54
40
73
70
39
25
93
21
75
37
91
82
38
24
97
4
10
42
72
60
20
107
78
89
9
86
17
44
38
8
47
21
78
35
26
13
50
40
47
39
30
3
19
106
47
53
48
34
18
42
69
100
7
54
78
94
43
45
98
97
3
50
21
4
104
108
67
106
52
38
44
84
40
103
30
42
84
58
68
84
9
80
63
67
24
43
107
8
44
54
97
71
71
104
65
46
22
57
70
60
0
23
68
97
91
33
16
79
34
23
94
79
19
88
94
76
45
91
39
65
10
49
107
45
8
75
107
86
63
46
50
84
75
108
67
35
12
72
5
74
87
19
77
34
55
15
38
40
16
81
65
35
85
35
18
59
68
105
29
48
62
93
102
100
12
2
58
18
105
106
0
0
13
17
26
42
87
72
26
106
31
24
6
8
47
19
21
65
73
48
49
18
100
24
49
26
35
16
101
79
5
67
64
2
28
108
41
10
21
53
109
88
57
97
17
96
61
36
52
77
54
95
38
59
30
45
2
24
53
75
73
104
63
100
85
23
48
9
37
82
5
84
90
72
100
51
11
9
37
100
100
8
12
9
80
26
85
61
10
73
87
98
8
33
85
78
98
17
23
35
30
26
78
5
0
38
100
77
109
30
108
75
86
58
77
51
16
4
53
24
86
30
21
87
104
56
57
31
71
101
61
99
36
65
25
88
44
31
85
28
92
89
65
71
49
67
109
41
89
59
65
94
29
18
70
2
48
26
34
103
88
15
20
64
66
77
8
44
104
46
49
15
83
1
24
68
52
12
28
30
101
95
50
72
86
80
33
19
82
6
99
18
63
12
0
15
100
70
82
42
94
5
68
81
40
56
49
92
104
53
40
87
34
7
100
102
81
23
98
34
28
36
6
28
42
83
84
84
68
46
106
100
104
39
84
101
53
98
89
54
16
21
32
8
78
98
101
58
91
15
29
88
59
37
54
41
44
89
67
18
27
55
20
51
58
35
90
14
35
63
17
101
33
85
103
88
8
28
58
94
21
93
73
95
108
33
46
13
17
56
107
26
85
77
3
29
77
86
57
16
78
1
5
98
29
93
37
62
107
104
8
36
50
53
26
4
16
103
92
2
31
43
74
26
13
54
68
75
72
24
32
44
57
94
30
98
66
108
8
59
34
18
41
106
0
92
34
94
42
67
80
24
9
96
25
54
103
91
22
81
39
59
69
2
26
67
23
56
108
6
38
69
0
19
63
30
61
16
56
80
101
24
62
67
108
94
102
35
102
36
101
3
13
38
64
46
10
61
76
94
100
108
24
39
5
88
84
24
84
30
52
55
8
98
98
109
49
67
42
90
18
21
30
93
34
88
90
16
6
76
69
53
94
47
38
96
29
44
75
87
12
22
69
53
109
64
59
47
101
75
97
7
14
60
42
64
29
14
35
103
50
103
62
73
29
104
47
24
54
41
107
75
76
3
107
63
73
12
42
9
78
55
78
102
43
66
20
51
19
16
55
98
22
17
3
95
42
107
93
2
26
45
63
98
80
82
8
35
57
97
7
3
4
81
40
106
49
82
7
78
92
54
48
105
44
49
85
103
67
38
20
66
14
76
22
56
107
84
30
43
74
16
105
4
31
3
24
13
74
85
107
16
54
29
4
93
0
51
64
13
79
105
0
52
102
34
85
0
28
9
51
80
96
53
8
53
85
32
109
85
61
91
44
16
5
50
106
27
7
89
102
79
108
96
21
43
55
23
87
22
66
74
56
36
49
97
21
56
105
98
82
16
68
39
96
7
52
87
3
97
94
59
98
