31
1000
52
23
108
36
67
97
15
29
69
49
13
102
69
85
26
8
9
75
65
47
94
31
18
94
29
85
59
105
17
18
4
88
24
102
8
104
48
23
30
32
7
5
65
74
36
42
105
101
8
52
84
6
51
60
18
40
30
27
99
100
89
49
8
59
106
86
24
62
0
29
77
28
28
29
69
76
55
49
21
53
26
90
46
35
103
108
8
50
80
27
91
58
57
11
45
61
47
94
98
6
26
97
18
62
11
23
3
2
28
23
59
71
4
33
60
55
31
7
32
99
80
29
25
34
12
27
74
82
42
19
79
50
31
22
58
16
36
56
91
78
90
48
88
89
73
105
41
53
7
103
3
1
79
47
68
59
2
71
40
45
44
32
60
12
50
52
107
38
4
59
11
107
77
18
76
54
5
95
58
49
74
87
47
109
52
22
29
14
24
45
17
41
3
47
90
108
24
31
9
99
7
57
8
72
91
37
60
3
66
72
56
12
102
23
66
32
4
91
58
57
5
29
99
101
72
95
107
57
39
101
84
51
105
23
59
35
86
23
98
19
97
97
41
53
80
79
24
9
43
13
99
41
6
63
39
18
20
1
26
18
94
1
84
71
35
75
29
11
11
29
14
20
66
5
22
88
90
11
87
94
32
108
61
69
52
3
95
98
14
2
17
43
50
16
76
92
70
54
13
77
55
39
47
59
11
63
13
32
9
46
58
105
37
62
12
67
17
76
45
102
51
36
72
69
22
77
69
28
38
53
109
38
99
62
31
48
99
44
64
107
14
52
107
73
15
97
5
49
33
108
82
84
71
5
61
21
20
48
48
101
104
46
22
95
81
63
43
14
4
46
96
87
46
79
98
9
35
8
23
7
26
78
93
38
50
25
38
109
87
46
27
37
45
59
28
75
53
56
41
73
85
51
17
101
34
39
45
100
19
44
39
21
35
1
6
104
19
43
103
46
53
65
35
92
29
74
42
27
9
104
44
109
77
22
82
26
44
62
33
99
92
103
15
32
33
95
7
64
25
40
80
106
20
34
34
27
32
43
3
11
90
40
13
72
63
56
21
4
93
62
83
4
66
87
84
24
41
51
75
57
80
50
105
21
17
108
39
73
77
91
75
84
82
42
68
72
44
102
80
6
62
25
91
96
66
64
40
83
82
53
34
15
5
3
96
25
10
107
66
46
79
36
46
18
82
68
82
61
52
76
52
80
75
104
74
92
5
84
99
65
69
58
10
53
88
7
84
24
0
22
24
25
45
50
106
76
33
90
61
72
67
54
36
106
0
78
100
104
21
3
78
39
52
107
25
50
71
28
3
72
44
2
70
49
13
1
18
5
57
27
87
75
74
88
90
87
39
13
69
56
102
55
58
76
93
46
93
1
5
63
16
7
18
66
47
79
2
46
54
109
32
3
99
49
45
98
27
5
58
62
100
105
35
73
91
109
105
28
79
3
48
13
42
66
101
86
77
82
108
77
75
9
90
76
32
3
78
47
38
54
42
18
0
76
63
103
2
52
9
19
40
1
44
43
107
17
35
34
40
40
97
21
7
37
28
34
48
97
93
61
94
78
36
77
46
8
14
70
43
53
58
73
78
82
61
42
6
23
11
76
42
46
68
6
86
31
79
76
69
75
59
42
100
106
89
78
11
105
56
48
109
21
30
85
53
69
54
85
5
18
65
99
66
94
54
101
52
32
101
82
53
6
57
8
108
29
7
108
51
10
91
67
104
34
79
63
37
72
67
84
2
31
4
17
25
29
6
102
109
67
84
78
69
102
18
30
25
23
33
29
93
20
76
98
73
73
69
55
58
28
57
70
104
12
42
108
5
13
108
12
88
6
22
73
2
20
16
101
56
104
109
3
39
90
41
81
74
39
106
36
43
32
67
104
39
44
41
4
44
90
53
38
97
65
21
26
63
15
15
88
80
0
39
26
38
10
55
49
35
108
48
48
31
0
79
37
52
32
52
101
8
24
36
16
81
109
87
16
8
86
82
66
68
32
3
62
37
27
41
27
87
24
9
31
8
68
109
106
73
23
30
100
15
78
82
26
10
59
54
33
75
17
60
1
19
38
2
54
47
34
1
38
77
85
6
16
108
57
108
86
6
105
67
88
6
92
37
25
49
76
48
109
0
63
26
91
100
6
3
65
10
37
43
107
68
37
70
38
71
77
8
98
12
78
43
11
23
31
37
17
24
79
49
108
97
20
72
81
48
0
27
20
72
14
96
90
32
35
46
104
29
21
96
106
16
70
43
43
30
47
