31
1000
12
28
97
26
19
5
77
77
108
61
89
5
45
105
102
10
84
92
63
26
13
24
29
19
94
0
6
16
106
36
40
9
85
63
78
60
35
7
77
23
4
101
46
84
105
20
105
92
94
23
80
44
43
77
53
35
60
35
54
17
91
53
15
97
16
109
108
42
33
31
79
27
22
104
89
8
39
105
45
2
89
6
47
87
16
57
6
8
51
48
83
56
87
89
44
48
69
90
27
59
61
92
6
85
8
14
92
42
34
41
38
60
15
69
0
67
60
70
34
99
97
105
45
71
87
3
56
29
84
6
58
100
82
107
64
28
43
21
95
87
92
20
63
25
22
39
14
49
0
27
5
6
104
22
18
108
57
13
54
102
94
37
61
71
5
69
44
32
45
48
26
86
45
106
70
27
24
41
2
61
1
15
37
91
88
87
91
92
73
81
61
32
90
72
77
46
33
75
0
36
10
9
99
21
65
15
42
6
70
5
11
58
67
107
13
104
82
56
15
65
53
103
6
60
31
70
28
78
109
39
108
85
23
11
13
0
75
107
46
92
77
90
60
32
68
100
67
106
92
97
23
98
77
94
43
84
90
40
33
90
25
40
45
98
97
84
7
100
31
32
28
31
74
16
48
20
81
98
59
11
56
72
96
89
47
5
46
64
69
102
7
28
21
95
36
11
14
15
49
50
10
108
9
33
71
108
0
100
10
81
37
40
9
64
15
40
43
51
26
80
32
76
84
18
25
73
72
96
67
24
44
109
34
76
79
5
49
108
36
38
103
27
98
83
38
70
41
30
107
61
36
80
58
84
15
88
30
14
21
5
81
11
37
50
54
109
5
6
36
86
29
66
91
101
71
60
36
30
99
59
28
94
20
72
85
9
84
68
53
76
90
49
70
92
53
84
50
60
47
60
13
103
31
16
66
80
53
14
64
99
98
82
55
6
108
32
8
94
70
73
30
36
85
60
11
24
102
105
16
106
35
90
56
109
20
15
102
69
59
41
53
95
106
11
1
9
21
55
5
37
90
11
35
71
77
49
34
93
46
16
14
35
28
32
39
0
22
4
109
88
4
103
64
62
14
21
41
52
49
30
37
46
31
106
5
20
59
72
50
2
19
88
72
77
26
44
69
79
69
80
45
51
97
34
101
9
5
11
60
81
94
102
92
83
5
98
17
105
41
32
56
101
66
7
76
47
17
106
69
30
56
25
44
99
87
100
65
21
105
59
92
80
105
98
5
82
44
15
36
84
18
57
108
70
6
69
78
96
56
23
62
49
109
52
51
102
11
40
65
83
31
83
19
35
75
77
50
42
81
34
50
17
109
34
27
105
16
56
1
90
16
108
67
92
23
96
82
78
104
6
32
56
101
33
9
84
54
13
20
106
103
100
75
96
60
87
31
99
8
24
45
104
58
58
11
56
40
63
99
58
3
0
13
41
33
105
72
101
43
29
76
31
90
98
34
81
57
38
66
11
11
81
87
24
17
40
53
6
1
90
15
10
47
86
23
98
52
49
41
82
79
34
102
91
0
68
105
72
106
49
2
81
3
79
106
30
85
22
58
1
74
52
88
76
8
24
107
21
87
18
55
29
70
89
99
79
99
25
97
96
78
47
82
23
11
109
5
29
8
76
96
106
43
92
56
74
11
73
56
68
37
28
82
25
70
33
43
43
15
15
61
37
92
45
14
48
29
25
17
50
87
38
97
99
6
55
33
68
87
8
63
77
36
1
21
65
65
13
80
95
75
39
42
17
99
78
88
5
107
7
86
105
79
73
58
104
84
12
45
69
50
36
65
69
9
80
90
41
21
109
19
8
41
107
29
61
92
6
45
23
17
56
105
97
32
82
26
58
21
86
50
15
103
14
39
77
55
32
77
94
46
12
79
3
96
64
109
91
11
54
6
43
101
31
18
21
57
93
61
14
10
57
20
95
73
70
23
15
40
85
54
68
18
50
80
97
89
31
57
80
62
70
20
24
74
86
93
15
2
36
32
13
8
30
68
67
0
100
11
42
25
36
104
11
2
97
8
56
28
0
18
19
109
54
81
27
1
86
43
44
32
29
102
73
76
104
84
35
100
102
96
84
88
7
12
3
89
61
76
14
97
36
89
82
47
66
38
87
0
59
31
10
47
91
31
8
78
31
108
1
54
45
32
102
107
1
69
22
73
25
58
58
5
33
70
56
91
71
34
20
79
101
50
76
63
90
100
40
32
46
57
77
74
104
12
70
81
51
35
46
20
68
99
87
28
27
70
109
1
80
