31
1000
63
78
5
21
6
107
26
87
4
2
31
76
36
24
96
73
73
105
101
78
24
21
26
41
39
108
83
28
36
12
59
100
88
55
33
54
94
45
78
57
79
101
109
81
97
87
66
9
92
50
25
60
70
85
86
77
25
6
55
91
71
25
109
34
75
93
51
21
21
62
99
63
104
94
38
66
20
18
85
27
75
17
83
109
103
2
96
81
30
41
95
45
61
43
74
94
26
38
68
34
60
53
33
96
97
73
17
9
107
49
14
77
6
70
42
89
32
22
19
35
28
17
28
47
66
62
75
43
15
8
4
9
90
82
2
57
93
51
12
37
14
1
88
82
20
102
49
12
62
15
14
13
85
51
32
3
106
7
106
101
11
108
14
13
83
102
30
10
62
36
67
60
40
56
0
72
62
11
61
23
67
60
85
71
93
48
91
107
28
71
96
20
19
18
89
17
38
48
15
5
86
12
96
38
108
40
5
5
61
73
17
109
83
2
32
0
23
49
103
9
71
49
102
107
67
72
103
92
84
38
29
58
47
39
30
25
65
7
53
30
25
43
86
13
60
2
6
1
97
16
94
39
39
0
101
17
98
96
80
21
57
13
101
58
102
73
33
31
88
6
73
34
13
63
64
49
70
89
20
75
78
92
39
25
16
71
16
16
39
82
47
67
3
50
56
15
37
80
79
19
39
45
2
80
81
99
35
47
39
6
59
17
87
11
33
45
75
12
104
88
109
98
80
45
90
21
101
108
66
64
15
90
14
80
100
74
97
26
2
64
57
97
18
37
93
89
7
85
99
81
20
34
71
94
24
94
60
94
99
44
91
103
52
93
32
65
42
40
23
78
83
61
57
95
91
100
54
78
57
67
53
29
64
49
12
12
67
69
26
71
7
106
16
44
38
3
23
77
85
16
79
29
2
44
86
25
34
55
56
2
50
30
99
54
97
2
71
53
13
52
48
20
93
3
78
107
72
20
69
59
57
1
100
83
101
19
74
77
30
104
24
41
82
45
32
46
37
0
94
21
68
106
50
39
33
105
103
103
93
52
60
2
30
21
44
64
106
13
42
104
18
81
82
23
22
4
1
14
66
32
44
94
44
59
38
87
16
25
89
37
34
59
37
32
74
103
89
52
57
58
17
54
43
108
26
91
14
52
106
22
98
109
66
3
31
72
109
103
41
103
57
65
58
93
95
104
89
7
100
30
85
54
40
89
54
23
101
84
2
101
23
62
6
25
64
22
77
9
90
12
109
24
76
24
104
55
39
55
42
53
99
23
46
39
53
44
43
89
56
108
61
78
94
10
14
65
45
12
29
16
86
74
30
22
103
44
0
36
16
95
63
77
78
6
66
36
99
71
53
49
10
32
94
10
100
52
28
43
35
87
68
95
44
56
9
61
75
66
15
10
69
45
91
56
4
39
31
68
80
70
73
78
71
86
52
49
83
20
4
37
14
63
64
54
24
9
50
86
95
70
74
42
44
3
20
6
28
18
33
42
60
32
109
6
52
59
47
22
62
79
86
43
6
93
32
49
48
100
64
25
1
37
81
25
83
50
105
60
49
85
54
31
7
52
96
62
82
13
19
23
102
47
5
67
44
60
101
17
88
83
80
108
97
45
104
27
88
75
81
19
64
2
5
46
96
42
48
35
55
3
18
25
84
47
82
72
25
21
2
88
39
106
101
95
24
20
9
44
35
7
3
6
65
6
86
82
22
97
51
85
87
105
8
20
62
52
12
53
31
14
27
86
69
75
18
62
83
77
105
10
99
47
31
26
84
72
84
50
57
18
105
109
36
88
68
26
109
33
63
100
4
37
51
95
30
70
71
75
72
85
98
65
48
92
33
34
36
26
51
84
89
37
73
80
5
88
54
0
62
14
50
19
38
57
41
56
13
45
58
60
59
34
83
62
68
7
9
66
72
41
6
9
90
10
98
54
8
22
75
85
13
77
51
75
76
22
34
48
42
39
23
52
26
72
82
29
73
80
29
55
34
76
49
108
61
55
66
26
98
3
87
46
75
59
25
20
3
9
30
95
20
66
28
87
1
86
39
45
25
76
104
67
5
49
109
46
83
61
20
1
109
98
68
12
31
52
98
63
24
74
100
53
68
21
20
101
23
95
4
71
33
15
73
35
66
12
94
84
38
60
11
67
42
97
71
38
93
100
106
95
86
65
41
12
7
8
41
82
28
74
51
29
26
64
45
24
66
16
22
27
53
84
17
108
20
35
43
80
63
72
66
97
65
6
20
43
71
7
82
107
