31
1000
90
64
84
15
47
40
47
46
25
39
38
43
86
38
70
24
61
10
106
102
37
18
109
75
15
81
50
9
21
59
97
66
56
52
103
102
59
86
1
11
26
62
81
32
20
48
0
45
69
24
27
87
44
45
51
33
64
81
8
97
89
29
94
37
12
32
6
3
26
46
55
55
102
69
109
39
55
61
80
44
67
31
81
80
79
61
107
65
14
88
67
96
101
44
75
31
81
16
18
18
98
46
10
16
94
102
51
79
87
73
9
70
33
25
67
52
25
37
95
102
80
5
0
56
51
15
15
47
18
68
69
13
91
31
65
53
29
2
78
96
16
105
6
70
50
71
60
4
63
100
39
108
14
59
47
6
71
87
87
96
69
98
41
65
45
69
53
61
5
33
57
100
35
50
19
106
32
63
80
92
20
0
46
85
84
4
23
98
30
20
92
86
86
8
20
52
107
59
62
6
50
109
12
95
79
27
75
89
31
37
84
91
93
13
100
37
23
101
28
37
67
108
100
83
93
6
53
12
1
69
94
93
80
48
69
44
48
104
98
15
44
40
95
84
68
22
38
57
29
75
65
98
68
58
37
44
26
57
68
26
16
13
50
36
79
100
39
16
64
86
41
22
49
92
76
24
95
64
98
7
82
67
22
61
90
45
70
60
103
88
50
17
86
74
88
14
74
81
22
101
44
102
84
85
37
80
37
87
31
8
22
10
71
60
54
69
73
101
1
74
106
88
62
101
14
24
75
30
76
32
82
8
64
93
38
70
15
58
95
42
2
27
69
42
55
83
12
74
72
59
10
96
11
67
75
32
5
11
45
10
85
91
19
29
41
32
93
67
5
0
91
9
68
17
103
0
12
103
47
8
26
69
67
2
2
91
36
25
94
92
63
87
21
25
27
83
92
99
24
64
49
15
85
34
80
20
106
71
20
53
52
20
6
25
27
106
9
57
50
4
16
108
1
5
4
5
59
99
12
29
19
58
67
80
73
46
7
104
52
44
105
54
18
0
21
43
62
101
66
30
20
105
89
60
100
42
70
16
16
4
6
43
91
47
23
15
82
24
108
46
57
78
26
101
108
17
64
56
20
43
24
28
89
24
94
6
95
105
88
28
14
67
73
2
50
1
86
9
37
24
99
103
83
40
10
9
74
69
34
107
19
65
58
33
89
69
55
7
7
84
9
38
80
54
54
67
28
80
24
30
64
89
5
8
70
38
60
27
100
73
91
55
80
98
22
21
67
101
106
86
33
28
99
91
83
88
105
62
7
5
66
71
49
96
86
37
98
9
78
73
44
36
23
28
4
103
83
46
82
60
13
86
75
71
60
40
103
108
33
46
7
95
55
22
10
30
109
94
85
28
99
69
104
1
82
94
66
21
10
35
52
68
108
91
78
5
65
108
45
40
95
39
55
34
31
2
67
73
32
31
37
43
78
24
109
41
80
53
54
3
26
94
59
16
61
26
1
96
94
2
107
60
29
10
47
58
51
49
40
20
16
69
79
0
94
87
44
31
74
80
27
52
72
58
52
88
104
21
0
24
92
63
67
94
35
72
0
92
87
72
75
64
75
77
98
64
21
98
31
56
2
79
37
18
49
108
9
58
39
90
2
55
69
44
79
50
51
45
80
39
97
69
93
71
24
23
14
48
77
109
49
69
35
92
27
66
83
104
34
97
13
105
25
10
12
53
4
108
29
101
104
84
76
3
55
17
23
88
52
38
8
44
95
97
52
34
34
46
60
44
17
52
71
1
76
69
86
106
68
38
26
59
20
26
102
84
60
76
71
88
80
67
3
71
25
30
25
77
100
103
89
55
18
23
9
79
62
94
28
109
44
41
39
54
101
25
46
59
92
26
97
56
61
95
60
77
40
54
54
98
11
27
51
48
47
49
91
85
10
39
97
62
104
17
70
46
30
5
103
85
40
39
8
78
17
48
81
3
104
88
9
108
94
34
40
25
41
64
30
108
75
69
47
29
50
2
60
3
31
17
83
80
58
15
71
46
13
41
57
86
19
105
68
82
39
51
29
46
6
6
76
3
102
106
10
17
67
27
32
38
3
35
109
106
33
9
63
99
28
32
42
40
10
35
25
105
2
8
88
109
42
77
75
17
67
44
35
97
105
82
69
5
14
100
73
13
49
54
105
29
89
75
34
20
18
43
11
49
78
12
63
24
43
37
50
36
34
68
109
90
45
13
15
52
12
12
47
65
97
63
65
109
101
39
87
54
89
67
9
43
35
13
23
47
14
97
57
48
65
98
