31
1000
25
75
29
93
89
66
78
12
77
39
92
40
92
65
30
64
29
27
90
2
78
108
42
55
14
84
13
39
18
20
78
41
71
1
63
58
83
32
101
87
66
109
16
49
10
6
0
12
21
18
107
95
64
53
36
103
72
54
105
69
82
68
96
65
51
66
44
29
61
51
101
51
87
22
108
86
53
12
91
46
22
67
15
98
56
26
94
105
20
65
22
86
30
50
35
74
77
10
34
81
0
31
26
76
107
76
65
34
39
7
86
2
82
56
102
40
52
78
63
58
29
79
6
32
105
94
28
47
70
109
18
39
12
36
87
59
108
63
92
66
5
106
47
4
21
107
85
32
8
63
57
75
32
101
42
72
34
29
5
45
34
70
3
18
70
50
26
26
83
105
99
28
50
83
8
80
65
30
80
0
28
46
80
39
56
95
100
31
51
51
0
105
3
90
43
103
107
5
76
46
48
64
65
51
49
91
63
36
86
91
32
37
79
109
56
58
8
2
100
2
82
105
57
50
71
39
38
45
76
62
108
2
29
96
108
78
23
96
37
38
99
80
40
83
4
12
81
63
66
18
51
0
44
84
22
36
93
61
19
42
17
101
102
88
11
66
10
97
98
82
13
104
50
101
49
75
77
101
82
79
109
103
85
98
17
13
103
15
35
104
72
83
56
70
108
70
61
55
39
22
102
51
20
11
61
6
8
95
85
50
19
40
103
5
87
73
28
9
108
56
0
101
98
54
107
107
85
34
41
66
33
31
66
34
41
47
77
40
80
90
45
53
100
102
44
69
87
56
101
8
17
74
49
11
100
29
105
9
12
57
27
92
106
105
104
81
47
62
101
18
12
28
20
22
87
95
108
97
21
25
101
109
58
36
35
34
100
46
85
30
38
77
101
77
96
101
46
57
21
103
11
42
79
49
108
66
6
94
28
96
105
32
35
64
59
91
5
14
41
61
28
73
1
72
30
48
45
40
30
38
37
38
18
7
79
99
55
48
37
49
21
48
8
98
40
34
90
43
6
107
67
28
47
99
107
51
74
23
83
69
35
95
94
15
30
24
36
59
76
4
16
66
31
18
42
107
70
82
14
45
49
42
22
26
56
38
78
9
36
8
80
48
46
77
107
40
47
96
11
25
89
1
34
5
10
65
7
97
24
61
95
88
109
61
102
5
74
99
32
66
55
47
77
46
90
81
34
66
72
69
70
0
4
65
88
24
41
35
33
34
50
87
27
12
24
50
88
105
100
12
108
18
58
49
45
45
68
18
90
56
105
103
88
98
37
38
32
15
79
48
42
94
104
23
21
79
27
14
58
22
67
5
56
79
107
91
2
13
56
49
69
43
100
45
102
84
55
66
12
84
1
87
17
20
92
57
105
22
68
43
40
10
105
84
107
81
27
14
97
38
52
85
35
48
10
65
77
34
57
52
60
76
0
80
94
106
90
96
20
74
89
25
60
12
27
87
80
97
60
22
12
92
66
8
94
28
9
21
55
24
18
2
107
5
45
92
37
0
53
68
33
50
54
24
9
99
70
69
29
103
44
46
61
89
30
80
107
9
99
91
99
21
20
85
14
65
70
61
12
14
3
75
84
59
99
8
82
22
72
83
89
39
7
79
29
92
63
5
46
64
79
8
46
48
30
46
98
53
107
16
4
108
72
68
17
72
3
84
59
49
99
18
33
64
53
43
85
43
43
36
107
32
31
24
85
80
84
56
35
13
42
62
8
91
89
108
4
109
26
55
107
56
97
103
30
60
83
33
22
76
27
108
53
31
105
4
5
12
46
34
108
42
0
50
48
29
2
35
84
96
81
31
50
16
5
43
9
78
15
9
5
107
17
82
105
24
26
107
14
65
79
97
11
28
32
63
61
14
45
17
7
79
18
90
19
4
90
22
4
101
63
86
6
39
36
100
11
64
26
27
75
74
42
14
10
73
36
43
6
20
53
67
96
9
22
64
43
83
47
7
20
6
89
20
101
69
41
4
16
41
106
97
78
90
60
86
70
86
17
49
89
80
72
63
43
32
20
30
12
29
100
94
78
102
39
38
19
6
107
95
101
50
29
96
17
10
42
3
59
40
53
78
61
18
90
23
67
59
16
36
96
19
86
65
6
108
55
0
37
46
12
89
21
99
3
66
60
14
19
20
94
17
87
22
59
31
17
94
104
16
9
65
29
37
24
29
19
10
7
25
38
1
90
59
68
106
81
30
73
62
46
96
37
84
88
80
43
31
32
57
34
107
74
70
68
42
44
85
27
35
