22
500
102
27
84
13
98
32
3
58
70
73
53
94
103
90
5
66
105
98
2
6
43
3
8
87
32
28
0
67
81
32
53
8
2
14
41
74
68
98
64
29
90
46
94
95
104
53
33
88
19
42
10
39
66
52
80
47
64
74
74
18
41
66
49
34
11
37
99
8
75
7
9
15
61
99
82
15
64
45
105
90
97
93
85
88
64
45
91
78
43
44
68
84
90
103
51
104
44
67
11
16
38
20
59
83
4
1
69
8
79
54
105
46
51
37
20
99
104
61
79
16
66
73
26
103
33
48
75
94
7
35
58
81
84
106
26
11
57
1
25
42
16
34
84
96
72
50
65
22
46
109
62
98
65
104
1
86
107
2
56
59
44
55
22
59
20
71
30
57
86
38
104
102
18
39
19
91
21
95
44
87
70
64
48
52
32
29
5
37
14
43
37
63
26
46
19
36
37
32
33
13
1
3
35
55
29
22
102
97
88
101
88
23
77
38
72
105
27
47
23
70
48
12
41
24
23
106
19
34
33
76
0
84
108
18
4
29
28
98
108
25
84
91
36
19
76
7
104
34
95
8
60
10
62
35
106
0
75
15
89
36
97
27
109
77
24
16
2
5
47
75
71
43
7
74
53
48
82
74
10
79
97
66
68
26
89
70
93
81
23
69
50
74
20
37
23
27
71
88
61
33
6
76
79
1
28
97
34
92
46
75
75
39
85
91
44
37
107
13
18
29
85
84
71
53
10
72
10
3
77
94
78
2
97
44
26
64
18
74
28
10
51
33
109
74
44
60
1
25
14
24
47
4
17
67
102
70
52
72
46
70
76
20
32
95
25
85
53
81
63
102
43
33
88
77
79
74
42
97
76
58
60
49
92
90
96
71
85
51
53
26
92
63
45
104
13
77
55
42
109
95
107
91
42
86
67
78
70
56
27
9
90
14
37
20
55
14
62
58
32
20
63
64
67
13
68
6
65
13
106
28
77
45
44
82
96
101
18
91
84
93
103
52
9
84
28
46
100
61
82
83
58
51
71
77
32
18
73
47
34
84
39
8
33
33
89
102
62
70
36
61
83
95
105
0
105
63
23
46
22
79
49
102
35
54
77
75
49
13
59
71
72
74
66
26
78
107
7
8
56
29
