22
500
37
106
49
44
0
82
29
76
12
41
100
89
45
83
64
68
94
90
85
33
52
48
74
48
61
39
67
25
97
35
95
92
41
100
105
99
99
82
24
105
53
77
95
30
41
84
33
105
77
81
54
58
109
41
56
44
95
79
40
13
89
30
36
3
107
93
80
79
56
16
102
54
49
16
71
22
72
54
14
71
1
8
98
44
40
105
73
66
27
109
41
46
89
61
76
90
92
72
32
54
18
84
83
37
91
47
69
68
50
26
15
1
36
77
95
34
65
80
60
59
65
55
73
70
78
27
1
35
77
55
22
24
104
93
10
2
90
30
89
17
73
76
30
93
6
84
52
28
79
16
21
52
94
26
104
107
100
49
9
52
26
32
17
13
19
106
5
106
10
84
81
84
1
1
77
16
109
56
6
71
34
98
38
11
99
67
39
16
55
46
12
21
69
89
38
39
38
95
78
73
107
19
18
5
25
94
2
18
9
36
96
83
26
66
52
67
3
21
32
42
9
68
84
71
75
84
48
89
8
0
98
13
0
5
102
53
85
52
10
14
53
25
62
107
106
49
21
20
2
4
20
102
84
45
107
28
11
21
94
6
80
32
22
64
8
56
61
92
31
35
65
23
66
57
35
33
14
45
54
92
73
76
50
56
14
39
43
69
10
93
26
43
102
4
84
19
105
103
83
81
52
1
88
11
75
53
96
45
18
86
13
27
93
89
47
82
39
105
17
75
106
97
97
107
97
52
34
82
5
75
57
38
45
79
2
68
5
11
97
32
19
13
89
59
29
48
88
6
48
99
78
81
14
69
108
48
54
78
105
7
34
40
57
90
7
58
41
6
96
33
76
71
58
87
1
44
45
54
52
25
60
49
64
0
69
34
108
87
59
64
6
58
100
9
94
15
80
1
26
1
30
72
22
32
67
72
65
48
11
72
70
62
8
87
90
23
86
7
65
97
19
33
44
75
101
88
56
68
54
91
11
79
46
54
85
11
12
57
75
52
35
73
97
9
57
11
9
75
58
39
73
95
55
35
70
95
84
40
1
61
34
21
48
61
93
28
17
28
74
65
54
50
6
10
102
32
11
38
96
52
62
94
89
71
24
88
37
39
93
41
34
81
102
32
85
29
3
108
79
94
