22
500
59
48
35
92
30
109
71
71
64
104
38
40
6
44
79
21
79
81
17
105
16
28
28
8
41
79
62
9
74
74
6
55
40
28
52
37
94
98
49
96
96
29
60
96
78
16
10
40
107
35
51
17
17
104
28
92
5
109
22
13
34
39
107
107
33
75
42
38
56
84
23
29
72
2
36
1
14
30
44
93
82
29
59
37
77
84
64
77
58
93
3
89
82
77
58
66
31
23
17
10
19
38
22
13
81
70
45
53
6
77
28
8
26
90
80
57
33
95
103
45
3
80
8
55
28
26
74
58
17
91
58
38
32
81
16
57
2
3
39
43
25
27
103
75
103
101
30
96
4
49
91
108
74
19
65
50
18
28
29
5
77
77
2
82
57
76
59
74
43
105
94
18
23
45
98
40
44
77
93
56
74
91
75
60
81
25
84
78
100
52
60
63
20
93
86
64
73
19
13
100
13
93
102
71
30
8
58
64
91
87
75
95
107
40
75
108
6
30
98
80
10
89
16
44
81
21
4
61
9
101
18
35
93
26
49
97
104
60
54
50
84
80
77
26
68
70
79
101
15
49
92
75
79
44
13
23
25
109
20
56
68
43
67
64
46
83
107
104
73
103
16
7
72
4
31
28
108
48
64
60
32
6
25
49
53
98
21
64
76
38
4
2
50
97
49
5
9
38
61
63
19
27
21
50
44
8
18
64
89
54
34
2
81
10
83
73
15
61
54
92
12
16
74
16
101
0
69
3
18
1
62
81
23
46
73
30
32
42
10
43
40
22
21
15
46
8
57
76
34
27
13
72
90
16
96
90
12
76
28
95
73
39
70
2
106
19
105
64
7
104
65
20
22
16
32
79
15
24
33
14
19
73
92
44
35
88
101
12
76
11
9
71
64
43
13
77
17
4
8
92
40
15
82
105
8
104
70
86
65
16
10
8
93
11
84
39
31
70
62
106
62
37
41
15
71
73
0
48
56
78
55
101
19
99
27
54
24
67
96
23
55
20
104
64
72
41
18
87
68
1
37
76
61
23
34
69
22
66
8
81
38
20
23
93
98
54
85
63
30
78
10
82
32
10
3
8
109
109
22
14
56
1
32
29
105
54
106
87
9
88
84
35
95
81
51
39
19
68
31
1
