22
500
38
82
56
55
25
95
54
73
106
102
52
92
16
102
95
45
13
18
29
56
63
101
77
102
66
34
35
54
38
77
69
56
82
40
73
36
35
54
50
61
35
6
15
30
68
3
83
12
77
87
22
28
68
75
68
7
66
44
104
65
4
5
38
107
59
7
47
32
78
61
56
60
39
79
103
41
17
71
77
32
34
43
13
19
38
1
54
49
55
57
38
56
99
108
103
56
53
25
22
54
12
22
8
33
48
90
76
60
103
45
93
37
104
13
94
105
11
73
81
2
38
103
29
32
95
83
85
26
63
94
85
109
92
9
21
66
28
3
69
48
54
33
39
67
57
2
19
27
82
44
109
73
51
23
63
85
88
42
28
61
108
103
55
16
38
40
42
58
97
3
90
96
66
43
54
79
104
2
90
18
28
71
41
61
6
68
5
47
95
60
67
68
70
98
34
79
98
105
56
19
32
103
20
76
91
6
101
94
72
26
100
92
49
92
36
24
40
74
7
81
104
11
42
16
6
90
68
30
51
58
1
33
53
2
29
60
101
42
29
47
96
24
55
25
92
59
53
106
86
106
56
1
82
57
50
55
103
96
14
87
109
37
62
24
77
103
84
64
62
46
63
1
42
19
96
56
14
40
51
36
53
47
45
56
79
78
58
42
65
98
9
69
88
35
5
60
22
5
81
27
24
48
60
27
53
37
52
48
7
74
75
57
12
75
82
21
37
75
3
73
101
0
80
40
21
88
22
78
81
86
57
5
5
20
38
107
85
36
36
109
63
47
75
69
48
3
28
85
17
22
11
70
79
12
27
60
39
5
87
10
34
25
11
106
36
85
82
90
1
20
103
50
81
78
89
91
88
31
14
70
18
30
33
49
78
99
68
22
29
85
9
57
64
71
95
103
73
75
90
29
52
105
79
36
16
91
10
52
66
39
95
17
22
81
73
51
39
16
76
8
13
45
100
66
35
51
37
74
71
20
48
4
8
37
74
107
14
106
25
43
18
81
98
104
8
44
40
74
107
45
19
95
6
35
55
0
19
36
74
19
24
86
106
82
63
46
83
86
97
70
12
10
1
81
108
39
105
93
11
101
26
109
12
46
72
35
67
23
66
53
106
74
36
32
25
101
22
45
59
93
