22
500
34
103
70
14
9
34
64
32
101
6
95
58
71
49
29
21
74
18
109
72
77
73
28
3
71
16
79
71
7
13
86
103
94
84
20
48
86
64
108
24
77
61
28
81
44
26
37
34
52
9
93
71
107
59
47
46
12
30
85
12
90
57
10
102
80
101
95
35
53
18
50
72
20
109
1
18
23
74
5
62
71
14
20
13
55
55
47
49
27
65
91
48
97
44
20
10
80
91
42
60
48
90
76
32
85
77
15
26
103
17
95
2
73
38
18
62
46
20
16
30
86
27
71
52
68
66
95
10
28
70
109
38
97
43
42
89
84
26
31
75
101
23
12
72
77
38
86
12
7
29
5
8
105
30
71
80
48
25
101
94
27
65
7
105
37
30
13
74
38
8
77
62
56
92
97
58
103
75
47
96
90
30
4
58
43
26
74
84
10
88
95
79
51
87
59
87
97
84
60
35
22
107
42
85
72
62
24
7
99
69
74
73
80
86
70
17
36
61
88
1
40
76
62
21
78
23
85
102
36
71
87
33
95
38
11
31
79
37
105
107
79
64
52
109
71
98
49
97
46
76
46
15
18
83
104
81
4
39
90
67
5
89
64
90
42
89
80
26
48
45
85
42
20
46
18
73
68
98
56
96
98
67
52
97
21
75
6
58
74
42
4
48
20
51
50
15
16
38
85
108
8
37
44
85
106
18
65
10
83
1
0
52
41
22
56
90
98
0
48
36
75
86
24
86
96
9
8
53
59
82
75
31
100
64
9
16
4
3
66
94
29
100
54
89
77
16
97
98
79
37
8
106
67
103
42
13
54
65
22
4
73
24
95
13
34
11
104
58
84
56
36
1
54
0
27
57
99
78
13
50
2
31
55
35
69
58
105
105
24
19
38
0
32
12
27
19
21
51
19
41
105
45
77
17
71
98
79
104
59
55
2
71
98
73
37
22
67
106
38
25
106
42
97
47
55
98
12
108
34
70
26
37
102
56
85
101
37
80
81
81
79
19
80
12
106
73
84
46
16
75
77
78
74
54
78
32
61
88
73
90
5
74
13
72
73
22
22
92
78
48
100
19
24
76
51
14
104
28
26
89
20
15
44
83
60
47
99
1
15
99
68
52
27
79
102
4
7
12
71
16
