22
500
54
38
80
85
76
78
85
10
16
70
8
12
100
0
90
100
37
52
55
95
53
108
79
62
106
23
1
106
96
33
21
59
32
8
71
0
68
83
62
28
58
30
85
92
45
31
13
61
2
32
87
51
90
38
88
107
84
48
92
13
48
25
56
86
63
38
67
97
33
18
90
97
51
42
63
91
79
25
106
14
104
101
58
27
17
7
108
99
43
81
36
69
26
108
49
58
43
93
82
92
55
29
29
49
95
99
6
56
68
53
108
82
86
86
9
27
84
17
63
108
10
53
31
3
102
62
53
22
43
98
65
48
62
16
80
26
58
88
78
63
29
44
84
14
49
92
1
99
13
94
59
68
90
45
107
39
108
106
58
73
77
97
68
54
32
100
57
87
26
37
89
30
62
32
20
75
76
34
71
69
25
10
75
33
102
8
78
49
71
51
25
9
102
15
91
106
66
62
41
36
16
41
65
2
55
95
71
19
43
2
35
12
55
44
83
26
11
73
64
103
41
80
99
55
87
1
95
52
55
67
75
24
77
15
39
68
43
93
101
109
61
16
60
56
39
54
82
101
46
12
91
67
9
33
6
27
15
101
39
8
74
16
4
105
36
105
86
98
81
87
52
107
34
56
61
46
67
22
30
43
106
72
44
11
103
43
5
8
64
20
36
75
49
69
8
80
3
58
57
88
28
107
54
92
8
42
87
74
52
10
24
78
83
86
84
6
38
45
35
61
101
58
46
48
36
15
78
42
93
84
45
69
101
103
43
44
39
58
48
106
36
62
85
70
92
90
34
84
96
97
109
0
20
21
54
24
108
94
38
76
91
15
8
58
108
104
15
103
21
87
37
18
65
60
3
63
47
76
64
59
99
79
68
91
20
0
61
15
47
81
73
61
83
100
90
98
1
5
68
58
83
28
71
67
5
17
56
28
82
86
13
93
17
56
58
104
27
36
67
15
97
96
59
99
8
5
14
76
40
40
21
28
47
1
61
5
78
50
94
7
37
64
81
38
5
83
61
58
73
17
57
92
56
24
4
106
78
109
87
105
66
95
75
87
16
82
76
57
97
78
26
43
99
109
9
51
74
4
89
40
25
8
6
0
80
36
61
8
91
54
62
71
75
79
103
83
63
2
35
53
