22
500
6
91
56
0
16
83
80
68
17
77
67
35
26
20
50
101
56
105
36
79
43
102
46
109
90
45
92
98
47
10
57
46
34
72
45
83
49
1
89
9
79
67
41
47
7
61
37
70
12
21
96
96
42
17
72
54
19
49
65
63
84
81
33
59
104
21
26
2
98
13
102
2
78
93
14
77
16
86
68
81
73
81
6
105
44
49
86
68
101
10
79
75
23
95
14
83
95
6
45
54
43
16
15
88
4
106
10
69
41
104
106
92
81
33
82
74
22
83
22
19
92
40
96
36
42
32
53
19
58
107
63
76
100
1
63
101
14
69
66
31
76
17
99
33
60
38
51
11
95
87
77
80
105
77
95
94
49
88
76
29
72
19
30
103
14
76
72
75
49
102
8
84
31
76
48
18
56
44
70
28
54
20
59
24
78
74
97
80
102
77
34
28
55
33
107
19
31
48
20
79
66
57
87
58
5
62
85
98
47
4
79
93
20
105
19
55
82
106
69
52
25
36
96
105
56
41
9
57
27
67
78
104
55
103
99
26
98
86
59
71
28
93
108
89
100
51
41
4
98
27
2
22
19
82
78
99
82
85
16
109
3
106
30
29
83
65
86
25
47
24
101
49
67
96
69
24
18
84
32
62
81
33
1
27
20
71
108
1
77
71
71
26
17
9
14
74
63
92
6
25
98
28
68
105
68
46
87
90
46
66
91
109
23
43
54
67
58
86
21
59
14
47
72
106
46
65
94
47
66
12
62
7
65
66
19
0
0
78
74
28
2
5
3
86
106
0
105
29
43
97
100
39
67
7
14
7
106
45
1
48
76
39
7
63
66
24
40
73
100
95
55
41
32
54
87
40
74
108
53
79
19
15
7
86
67
2
55
38
12
68
47
43
56
36
54
28
12
98
77
21
42
7
17
95
36
37
75
9
51
32
98
55
48
80
11
109
61
10
45
104
17
22
63
107
71
31
10
52
74
51
18
55
69
25
28
63
13
17
82
57
82
89
43
17
78
59
61
93
30
94
12
30
11
63
76
17
47
41
3
9
106
58
62
61
107
36
38
76
101
107
12
59
69
99
74
12
63
54
88
89
31
28
96
74
71
83
90
18
29
21
11
47
80
0
50
11
35
103
94
43
