22
500
55
102
39
92
54
73
1
42
88
100
36
21
28
100
74
67
102
82
66
27
56
44
64
54
16
72
66
98
101
104
108
73
56
88
71
43
66
92
26
18
3
23
49
17
100
95
12
93
41
36
83
52
62
93
74
35
74
53
102
2
88
45
97
7
23
109
28
52
32
65
81
54
70
12
8
31
46
33
96
7
109
14
35
27
61
9
29
42
17
44
14
27
53
77
17
9
67
53
0
108
42
57
38
10
74
109
93
7
74
82
103
65
35
0
9
53
65
79
33
84
39
39
56
52
60
11
82
46
72
105
84
33
91
102
73
88
16
62
45
46
92
55
25
30
24
91
6
36
17
54
92
75
3
22
1
61
9
26
23
69
27
88
27
14
104
49
42
32
56
16
22
92
85
13
98
41
18
76
39
36
66
74
87
64
6
75
12
20
82
81
82
98
54
49
63
17
62
1
50
14
53
102
56
11
52
4
24
105
80
92
55
80
38
109
23
84
17
81
50
51
31
4
59
89
61
88
54
71
64
43
86
84
52
26
96
38
30
18
10
6
33
59
88
43
48
87
30
18
50
61
109
80
24
83
86
14
43
62
51
98
65
67
48
20
94
49
76
45
98
34
23
46
40
95
64
51
7
67
108
22
3
65
0
9
24
2
29
78
14
7
70
52
95
23
59
85
105
28
86
90
88
7
36
66
18
69
5
109
34
72
80
41
61
76
67
81
75
85
65
10
72
79
96
86
97
53
63
77
27
107
94
61
49
56
38
80
81
31
14
0
87
88
17
73
5
73
87
101
67
11
73
42
45
42
56
2
69
40
37
22
23
64
23
102
56
74
32
3
22
102
21
31
80
79
84
8
37
88
106
98
77
20
82
56
34
58
59
97
11
18
108
47
65
51
69
81
42
75
1
71
66
54
95
12
63
55
86
57
55
14
41
92
72
78
42
12
8
23
43
57
36
100
19
53
39
55
68
55
25
61
39
29
93
93
24
83
31
75
12
60
2
21
24
64
73
98
74
44
21
42
36
45
13
63
88
103
5
26
41
70
55
87
58
40
61
45
45
103
12
71
70
67
82
68
44
68
27
97
28
84
66
11
24
90
107
91
85
80
58
3
109
42
58
44
12
82
46
72
52
108
