22
500
107
101
88
109
0
40
17
5
76
40
4
24
15
105
55
107
66
29
69
92
61
79
30
96
44
108
79
107
76
39
2
6
62
56
73
75
99
96
78
66
31
13
66
101
26
61
19
100
99
56
49
54
4
60
58
22
67
27
52
35
17
16
63
84
69
8
53
5
90
89
56
52
3
81
3
85
101
12
47
61
109
84
38
7
10
28
22
94
64
41
47
93
45
18
20
75
56
87
109
32
73
52
106
3
89
41
2
52
11
108
31
61
49
60
71
26
8
49
81
99
39
54
58
81
25
72
61
72
6
86
73
109
38
17
101
108
100
69
53
10
86
0
9
7
39
59
93
6
30
49
35
102
58
58
43
16
79
11
5
3
35
14
5
80
22
105
52
67
90
23
41
87
107
4
5
103
99
7
35
43
87
61
99
69
81
62
73
97
36
60
87
99
53
67
79
95
68
42
50
91
105
63
32
33
65
14
50
35
69
52
39
35
54
56
30
4
12
46
89
64
31
31
43
46
96
94
61
19
52
53
6
71
105
76
52
92
63
95
14
23
6
98
104
80
40
20
44
28
72
75
53
42
67
94
80
101
52
69
84
72
106
57
46
108
56
42
78
95
10
100
52
3
61
37
105
44
86
81
37
27
85
92
75
37
103
0
20
54
7
73
84
102
32
78
49
83
37
0
82
36
42
22
42
26
100
104
109
91
9
100
40
26
95
104
43
57
65
85
41
89
66
17
4
61
50
52
64
63
19
71
39
81
6
1
19
46
10
26
105
68
57
21
23
46
73
7
107
74
18
7
109
77
16
74
69
94
26
85
5
48
47
2
89
16
52
84
42
66
41
3
20
82
47
79
86
107
83
7
8
79
19
24
100
82
68
10
107
78
5
40
28
107
80
25
24
30
12
82
18
90
80
101
82
54
87
12
59
92
85
1
91
93
40
21
72
54
63
46
61
61
21
25
59
46
44
68
30
74
9
49
11
22
17
97
102
108
74
103
39
64
71
65
28
87
61
41
60
30
41
32
14
102
7
93
87
3
23
1
86
7
75
59
35
24
108
88
35
38
5
57
32
57
12
46
25
43
85
14
62
55
23
57
64
0
18
18
101
108
9
30
8
34
16
20
27
108
35
11
99
24
