22
500
4
94
109
83
108
33
29
108
65
15
100
78
21
26
83
100
32
19
66
16
58
86
57
93
11
103
33
60
105
97
8
27
75
21
58
77
77
58
86
39
75
72
92
25
23
105
54
89
77
88
45
46
33
105
51
9
66
97
93
20
88
45
39
3
35
29
93
13
89
34
3
84
19
62
45
43
78
87
49
38
56
71
26
77
37
90
93
31
26
10
5
71
75
39
48
32
12
27
102
5
33
107
89
88
1
75
57
106
60
39
108
8
85
70
100
56
43
46
60
49
20
13
95
9
4
12
103
19
15
19
31
77
100
68
47
40
10
89
9
22
8
40
65
3
34
45
19
84
51
16
21
4
94
0
73
12
68
78
93
88
36
108
55
105
34
16
29
94
13
51
90
62
18
98
73
59
13
10
101
24
68
38
37
21
3
4
16
42
80
95
12
47
101
36
72
70
27
91
71
3
84
100
18
52
46
68
47
71
58
83
34
106
94
48
19
15
65
56
31
93
58
84
12
78
57
61
66
90
49
56
24
53
8
90
99
33
85
69
32
10
44
68
73
71
95
2
61
14
106
28
55
36
71
43
44
63
54
45
15
73
6
84
71
74
107
33
67
77
109
61
3
62
96
82
57
16
33
9
57
63
36
97
90
30
62
48
4
58
85
49
40
4
20
53
77
30
18
35
9
45
3
86
33
40
33
13
5
93
8
61
71
91
3
71
84
81
29
1
40
66
11
8
71
47
12
26
1
12
42
17
42
82
21
71
80
68
84
105
75
67
4
23
9
74
2
89
108
2
107
81
99
37
55
109
34
54
8
30
94
9
39
73
5
96
34
77
38
98
104
79
28
75
88
34
30
61
11
86
86
59
1
50
17
108
28
109
43
95
67
100
42
28
1
2
32
87
58
13
97
99
65
84
38
108
23
96
32
67
49
60
57
38
33
98
52
47
1
98
55
104
109
37
39
69
46
103
86
98
87
59
27
19
93
0
92
26
59
22
5
26
85
94
44
97
75
49
105
83
17
64
106
47
50
109
106
36
10
19
52
37
85
104
27
13
35
86
28
2
48
57
43
74
35
94
72
28
62
3
85
26
65
0
0
51
100
77
17
50
106
23
24
101
39
43
55
23
85
74
9
28
